62

0 9 1 1 1
0 7 1 1 3
0 1 4 1 3
0 3 1 1 7
0 3 1 3 5
0 1 5 5 5
0 8 1 0 9
0 2 1 11 1
0 1 2 7 4
0 2 1 9 3
0 1 9 11 3
0 1 9 9 5
0 2 1 7 7
0 7 1 9 13
0 1 5 15 14
0 8 12 13 0
0 1 2 11 14
0 2 1 12 15
0 7 1 1 11
0 1 2 7 12
0 2 1 5 13
0 1 2 5 14
0 4 1 6 15
0 1 1 9 16
0 1 6 17 12
0 3 5 18 12
0 4 1 0 13
0 1 4 3 14
0 2 1 4 17
0 1 5 1 15
0 8 1 2 19
0 7 1 7 17
0 1 1 13 18
0 1 4 13 20
0 2 1 15 21
0 4 11 17 20
0 2 4 0 21
0 7 1 2 21
0 4 1 3 23
0 1 2 7 23
0 1 2 7 26
0 2 1 5 27
0 1 4 3 26
0 3 1 3 29
0 2 3 0 28
0 2 1 0 26
0 1 2 9 27
0 7 1 7 29
0 5 1 11 23
0 1 4 11 24
0 1 6 15 24
0 1 4 13 25
3 6 1 0 25
3 3 1 7 25
3 1 3 9 21
3 1 1 10 21
3 1 3 11 19
3 5 1 13 19
102 1 1 19 18
103 1 1 
103 1 1 

Joelle 20 30 10 1
Beth 20 0 10 1
Amy 0 0 10 2
Meg 16 29 10 2

21 31 0 27 2 150